1000
0.00899486
0.0178903
0.0266874
0.035387
0.0439901
0.0524978
0.0609108
0.0692303
0.0774571
0.0855921
0.0936363
0.10159
0.109456
0.117233
0.124922
0.132526
0.140043
0.147476
0.154825
0.162091
0.169275
0.176378
0.1834
0.190342
0.197205
0.20399
0.210697
0.217328
0.223883
0.230362
0.236768
0.243099
0.249358
0.255545
0.26166
0.267704
0.273678
0.279583
0.285419
0.291187
0.296888
0.302522
0.30809
0.313593
0.319031
0.324406
0.329716
0.334964
0.34015
0.345274
0.350337
0.35534
0.360284
0.365168
0.369993
0.374761
0.379471
0.384125
0.388722
0.393263
0.39775
0.402182
0.406559
0.410884
0.415155
0.419374
0.423541
0.427656
0.431721
0.435735
0.439699
0.443614
0.44748
0.451298
0.455067
0.458789
0.462465
0.466093
0.469676
0.473213
0.476705
0.480152
0.483555
0.486914
0.49023
0.493503
0.496733
0.499921
0.503067
0.506173
0.509237
0.512261
0.515245
0.518189
0.521094
0.52396
0.526788
0.529577
0.532329
0.535043
0.537721
0.540362
0.542966
0.545535
0.548068
0.550566
0.55303
0.555458
0.557853
0.560214
0.562541
0.564835
0.567097
0.569326
0.571523
0.573688
0.575821
0.577924
0.579995
0.582036
0.584046
0.586027
0.587978
0.5899
0.591792
0.593656
0.595491
0.597298
0.599077
0.600828
0.602552
0.604249
0.605918
0.607562
0.609179
0.61077
0.612335
0.613874
0.615389
0.616878
0.618342
0.619782
0.621198
0.622589
0.623957
0.625301
0.626622
0.62792
0.629194
0.630447
0.631676
0.632884
0.634069
0.635233
0.636375
0.637496
0.638596
0.639674
0.640732
0.64177
0.642787
0.643784
0.644761
0.645719
0.646657
0.647576
0.648475
0.649356
0.650218
0.651061
0.651886
0.652693
0.653482
0.654253
0.655006
0.655742
0.65646
0.657162
0.657846
0.658514
0.659165
0.659799
0.660418
0.66102
0.661606
0.662176
0.662731
0.66327
0.663794
0.664302
0.664796
0.665275
0.665739
0.666188
0.666623
0.667043
0.66745
0.667842
0.668221
0.668585
0.668936
0.669274
0.669598
0.669909
0.670207
0.670492
0.670765
0.671024
0.671271
0.671506
0.671728
0.671938
0.672136
0.672322
0.672496
0.672658
0.672809
0.672948
0.673076
0.673193
0.673298
0.673393
0.673476
0.673549
0.673611
0.673662
0.673703
0.673734
0.673754
0.673764
0.673764
0.673754
0.673734
0.673704
0.673665
0.673616
0.673557
0.67349
0.673412
0.673326
0.67323
0.673126
0.673012
0.67289
0.672758
0.672618
0.67247
0.672313
0.672148
0.671974
0.671792
0.671601
0.671403
0.671197
0.670983
0.67076
0.67053
0.670293
0.670048
0.669795
0.669535
0.669267
0.668992
0.66871
0.66842
0.668124
0.66782
0.667509
0.667192
0.666868
0.666537
0.666199
0.665854
0.665503
0.665146
0.664782
0.664412
0.664035
0.663652
0.663263
0.662868
0.662467
0.66206
0.661647
0.661228
0.660803
0.660372
0.659936
0.659494
0.659046
0.658593
0.658134
0.65767
0.657201
0.656726
0.656246
0.655761
0.655271
0.654775
0.654275
0.653769
0.653258
0.652743
0.652223
0.651698
0.651168
0.650633
0.650094
0.64955
0.649001
0.648448
0.647891
0.647329
0.646762
0.646192
0.645616
0.645037
0.644454
0.643866
0.643274
0.642678
0.642078
0.641474
0.640866
0.640254
0.639638
0.639018
0.638394
0.637767
0.637136
0.636501
0.635862
0.63522
0.634574
0.633925
0.633272
0.632615
0.631955
0.631292
0.630625
0.629955
0.629282
0.628605
0.627925
0.627242
0.626556
0.625866
0.625173
0.624478
0.623779
0.623077
0.622372
0.621664
0.620953
0.620239
0.619523
0.618803
0.618081
0.617356
0.616628
0.615897
0.615163
0.614427
0.613688
0.612947
0.612203
0.611456
0.610707
0.609955
0.609201
0.608444
0.607685
0.606923
0.606159
0.605393
0.604624
0.603852
0.603079
0.602303
0.601525
0.600744
0.599962
0.599177
0.59839
0.597601
0.59681
0.596016
0.595221
0.594423
0.593623
0.592821
0.592018
0.591212
0.590404
0.589595
0.588783
0.587969
0.587154
0.586337
0.585517
0.584696
0.583873
0.583049
0.582222
0.581394
0.580564
0.579732
0.578899
0.578064
0.577227
0.576388
0.575548
0.574706
0.573863
0.573018
0.572171
0.571323
0.570473
0.569622
0.568769
0.567914
0.567059
0.566201
0.565342
0.564482
0.563621
0.562757
0.561893
0.561027
0.56016
0.559291
0.558421
0.55755
0.556677
0.555803
0.554928
0.554051
0.553173
0.552294
0.551414
0.550532
0.549649
0.548765
0.54788
0.546993
0.546106
0.545217
0.544327
0.543436
0.542544
0.54165
0.540756
0.53986
0.538964
0.538066
0.537167
0.536267
0.535366
0.534464
0.533561
0.532657
0.531752
0.530846
0.52994
0.529032
0.528123
0.527213
0.526302
0.52539
0.524478
0.523564
0.52265
0.521734
0.520818
0.519901
0.518983
0.518064
0.517144
0.516224
0.515302
0.51438
0.513457
0.512533
0.511608
0.510683
0.509757
0.50883
0.507902
0.506973
0.506044
0.505114
0.504183
0.503251
0.502319
0.501386
0.500452
0.499518
0.498582
0.497647
0.49671
0.495773
0.494835
0.493896
0.492957
0.492017
0.491077
0.490136
0.489194
0.488251
0.487308
0.486365
0.48542
0.484476
0.48353
0.482584
0.481637
0.48069
0.479742
0.478794
0.477845
0.476895
0.475945
0.474995
0.474044
0.473092
0.47214
0.471187
0.470234
0.46928
0.468326
0.467371
0.466416
0.46546
0.464504
0.463547
0.46259
0.461632
0.460674
0.459716
0.458756
0.457797
0.456837
0.455876
0.454916
0.453954
0.452993
0.45203
0.451068
0.450105
0.449141
0.448177
0.447213
0.446249
0.445283
0.444318
0.443352
0.442386
0.441419
0.440452
0.439485
0.438517
0.437549
0.436581
0.435612
0.434642
0.433673
0.432703
0.431733
0.430762
0.429791
0.42882
0.427848
0.426876
0.425904
0.424931
0.423958
0.422985
0.422012
0.421038
0.420064
0.419089
0.418114
0.417139
0.416164
0.415188
0.414212
0.413236
0.412259
0.411282
0.410305
0.409328
0.40835
0.407372
0.406394
0.405416
0.404437
0.403458
0.402479
0.401499
0.400519
0.399539
0.398559
0.397579
0.396598
0.395617
0.394636
0.393654
0.392673
0.391691
0.390709
0.389726
0.388744
0.387761
0.386778
0.385794
0.384811
0.383827
0.382843
0.381859
0.380875
0.37989
0.378906
0.377921
0.376936
0.37595
0.374965
0.373979
0.372993
0.372007
0.371021
0.370034
0.369048
0.368061
0.367074
0.366087
0.365099
0.364112
0.363124
0.362136
0.361148
0.36016
0.359172
0.358183
0.357194
0.356205
0.355216
0.354227
0.353238
0.352248
0.351259
0.350269
0.349279
0.348289
0.347298
0.346308
0.345318
0.344327
0.343336
0.342345
0.341354
0.340363
0.339371
0.33838
0.337388
0.336396
0.335404
0.334412
0.33342
0.332428
0.331435
0.330443
0.32945
0.328457
0.327465
0.326471
0.325478
0.324485
0.323492
0.322498
0.321505
0.320511
0.319517
0.318523
0.317529
0.316535
0.315541
0.314546
0.313552
0.312557
0.311562
0.310568
0.309573
0.308578
0.307583
0.306587
0.305592
0.304597
0.303601
0.302606
0.30161
0.300614
0.299618
0.298622
0.297626
0.29663
0.295634
0.294638
0.293641
0.292645
0.291648
0.290652
0.289655
0.288658
0.287661
0.286664
0.285667
0.28467
0.283673
0.282676
0.281678
0.280681
0.279683
0.278686
0.277688
0.276691
0.275693
0.274695
0.273697
0.272699
0.271701
0.270703
0.269705
0.268706
0.267708
0.26671
0.265711
0.264713
0.263714
0.262715
0.261717
0.260718
0.259719
0.25872
0.257721
0.256722
0.255723
0.254724
0.253725
0.252725
0.251726
0.250727
0.249727
0.248728
0.247728
0.246729
0.245729
0.244729
0.243729
0.24273
0.24173
0.24073
0.23973
0.23873
0.23773
0.23673
0.23573
0.23473
0.233729
0.232729
0.231729
0.230728
0.229728
0.228727
0.227727
0.226726
0.225726
0.224725
0.223724
0.222724
0.221723
0.220722
0.219721
0.21872
0.217719
0.216718
0.215717
0.214716
0.213715
0.212714
0.211713
0.210712
0.20971
0.208709
0.207708
0.206706
0.205705
0.204704
0.203702
0.202701
0.201699
0.200698
0.199696
0.198694
0.197693
0.196691
0.195689
0.194688
0.193686
0.192684
0.191682
0.19068
0.189678
0.188676
0.187674
0.186672
0.18567
0.184668
0.183666
0.182664
0.181662
0.18066
0.179658
0.178655
0.177653
0.176651
0.175648
0.174646
0.173644
0.172641
0.171639
0.170637
0.169634
0.168632
0.167629
0.166627
0.165624
0.164621
0.163619
0.162616
0.161614
0.160611
0.159608
0.158605
0.157603
0.1566
0.155597
0.154594
0.153591
0.152589
0.151586
0.150583
0.14958
0.148577
0.147574
0.146571
0.145568
0.144565
0.143562
0.142559
0.141556
0.140553
0.13955
0.138547
0.137543
0.13654
0.135537
0.134534
0.133531
0.132528
0.131524
0.130521
0.129518
0.128514
0.127511
0.126508
0.125504
0.124501
0.123498
0.122494
0.121491
0.120487
0.119484
0.118481
0.117477
0.116474
0.11547
0.114467
0.113463
0.11246
0.111456
0.110452
0.109449
0.108445
0.107442
0.106438
0.105434
0.104431
0.103427
0.102423
0.10142
0.100416
0.0994123
0.0984086
0.0974049
0.0964011
0.0953974
0.0943936
0.0933898
0.092386
0.0913822
0.0903784
0.0893746
0.0883707
0.0873669
0.086363
0.0853591
0.0843553
0.0833514
0.0823475
0.0813435
0.0803396
0.0793357
0.0783317
0.0773278
0.0763238
0.0753198
0.0743159
0.0733119
0.0723079
0.0713039
0.0702998
0.0692958
0.0682918
0.0672877
0.0662837
0.0652796
0.0642755
0.0632714
0.0622673
0.0612632
0.0602591
0.059255
0.0582509
0.0572468
0.0562426
0.0552385
0.0542343
0.0532301
0.052226
0.0512218
0.0502176
0.0492134
0.0482092
0.047205
0.0462008
0.0451966
0.0441923
0.0431881
0.0421838
0.0411796
0.0401753
0.0391711
0.0381668
0.0371625
0.0361582
0.0351539
0.0341496
0.0331453
0.032141
0.0311367
0.0301324
0.029128
0.0281237
0.0271193
0.026115
0.0251106
0.0241063
0.0231019
0.0220975
0.0210932
0.0200888
0.0190844
0.01808
0.0170756
0.0160712
0.0150668
0.0140624
0.0130579
0.0120535
0.0110491
0.0100446
0.0090402
0.00803575
0.0070313
0.00602684
0.00502238
0.00401791
0.00301344
0.00200897
0.00100449
