1000
9.88083e-05
0.00910151
0.0180074
0.0267924
0.0354658
0.0440325
0.0524961
0.060859
0.0691234
0.0772911
0.0853636
0.0933424
0.101229
0.109024
0.116729
0.124346
0.131875
0.139317
0.146673
0.153945
0.161133
0.168238
0.175261
0.182204
0.189066
0.195849
0.202554
0.209181
0.215731
0.222206
0.228605
0.23493
0.241182
0.247361
0.253468
0.259503
0.265468
0.271363
0.27719
0.282948
0.288638
0.294261
0.299818
0.305309
0.310736
0.316098
0.321396
0.326632
0.331805
0.336917
0.341967
0.346958
0.351888
0.356759
0.361571
0.366326
0.371022
0.375663
0.380246
0.384774
0.389247
0.393665
0.39803
0.40234
0.406598
0.410803
0.414957
0.419059
0.42311
0.427111
0.431062
0.434963
0.438816
0.44262
0.446377
0.450086
0.453748
0.457364
0.460933
0.464458
0.467937
0.471371
0.474761
0.478108
0.481411
0.484672
0.48789
0.491066
0.4942
0.497294
0.500346
0.503358
0.50633
0.509263
0.512157
0.515011
0.517828
0.520606
0.523347
0.526051
0.528717
0.531348
0.533942
0.5365
0.539023
0.541511
0.543964
0.546383
0.548768
0.551119
0.553437
0.555722
0.557974
0.560194
0.562382
0.564538
0.566662
0.568756
0.570819
0.572851
0.574854
0.576826
0.578769
0.580682
0.582567
0.584423
0.586251
0.58805
0.589822
0.591566
0.593283
0.594972
0.596635
0.598272
0.599882
0.601467
0.603026
0.604559
0.606067
0.607551
0.609009
0.610443
0.611853
0.613239
0.614602
0.615941
0.617256
0.618549
0.619819
0.621066
0.622291
0.623494
0.624675
0.625834
0.626972
0.628089
0.629185
0.630259
0.631314
0.632348
0.633361
0.634355
0.635329
0.636283
0.637218
0.638134
0.63903
0.639908
0.640768
0.641608
0.642431
0.643235
0.644022
0.644791
0.645542
0.646276
0.646992
0.647692
0.648375
0.649041
0.64969
0.650323
0.65094
0.651541
0.652126
0.652696
0.65325
0.653788
0.654311
0.654819
0.655312
0.655791
0.656254
0.656703
0.657138
0.657559
0.657965
0.658357
0.658736
0.659101
0.659453
0.659791
0.660116
0.660427
0.660726
0.661012
0.661285
0.661546
0.661794
0.662029
0.662253
0.662464
0.662663
0.662851
0.663027
0.663191
0.663343
0.663484
0.663614
0.663733
0.66384
0.663937
0.664023
0.664098
0.664162
0.664216
0.664259
0.664292
0.664315
0.664328
0.664331
0.664323
0.664306
0.66428
0.664243
0.664197
0.664142
0.664077
0.664004
0.663921
0.663828
0.663727
0.663617
0.663499
0.663371
0.663235
0.66309
0.662937
0.662776
0.662606
0.662428
0.662242
0.662048
0.661846
0.661636
0.661418
0.661193
0.66096
0.660719
0.660471
0.660215
0.659952
0.659682
0.659405
0.65912
0.658829
0.65853
0.658225
0.657912
0.657593
0.657267
0.656935
0.656596
0.65625
0.655898
0.65554
0.655175
0.654804
0.654427
0.654044
0.653654
0.653259
0.652858
0.652451
0.652037
0.651619
0.651194
0.650764
0.650328
0.649887
0.64944
0.648988
0.64853
0.648067
0.647598
0.647125
0.646646
0.646162
0.645674
0.64518
0.644681
0.644177
0.643668
0.643155
0.642636
0.642113
0.641586
0.641053
0.640517
0.639975
0.639429
0.638879
0.638324
0.637765
0.637201
0.636634
0.636062
0.635485
0.634905
0.634321
0.633732
0.633139
0.632543
0.631942
0.631338
0.63073
0.630118
0.629502
0.628882
0.628259
0.627632
0.627001
0.626367
0.625729
0.625087
0.624443
0.623794
0.623142
0.622487
0.621829
0.621167
0.620501
0.619833
0.619161
0.618486
0.617808
0.617127
0.616443
0.615755
0.615065
0.614372
0.613675
0.612976
0.612274
0.611568
0.61086
0.610149
0.609436
0.608719
0.608
0.607278
0.606553
0.605826
0.605096
0.604364
0.603628
0.602891
0.60215
0.601408
0.600662
0.599914
0.599164
0.598412
0.597657
0.596899
0.59614
0.595378
0.594613
0.593847
0.593078
0.592307
0.591533
0.590758
0.58998
0.5892
0.588418
0.587634
0.586848
0.58606
0.58527
0.584478
0.583683
0.582887
0.582089
0.581289
0.580487
0.579683
0.578877
0.578069
0.57726
0.576449
0.575636
0.574821
0.574004
0.573185
0.572365
0.571543
0.57072
0.569894
0.569067
0.568239
0.567409
0.566577
0.565743
0.564908
0.564072
0.563233
0.562394
0.561552
0.56071
0.559865
0.55902
0.558172
0.557324
0.556474
0.555622
0.554769
0.553915
0.553059
0.552202
0.551344
0.550484
0.549623
0.548761
0.547897
0.547032
0.546166
0.545298
0.54443
0.54356
0.542688
0.541816
0.540942
0.540068
0.539192
0.538315
0.537436
0.536557
0.535676
0.534795
0.533912
0.533028
0.532143
0.531257
0.53037
0.529482
0.528593
0.527702
0.526811
0.525919
0.525026
0.524132
0.523236
0.52234
0.521443
0.520545
0.519646
0.518746
0.517845
0.516943
0.516041
0.515137
0.514232
0.513327
0.512421
0.511514
0.510606
0.509697
0.508787
0.507877
0.506966
0.506054
0.505141
0.504227
0.503313
0.502397
0.501481
0.500564
0.499647
0.498729
0.49781
0.49689
0.495969
0.495048
0.494126
0.493204
0.49228
0.491356
0.490432
0.489506
0.48858
0.487654
0.486726
0.485798
0.48487
0.48394
0.48301
0.48208
0.481149
0.480217
0.479285
0.478352
0.477418
0.476484
0.475549
0.474614
0.473678
0.472742
0.471805
0.470867
0.469929
0.46899
0.468051
0.467111
0.466171
0.46523
0.464289
0.463347
0.462405
0.461462
0.460519
0.459575
0.458631
0.457686
0.456741
0.455795
0.454849
0.453903
0.452956
0.452008
0.45106
0.450112
0.449163
0.448214
0.447264
0.446314
0.445363
0.444412
0.443461
0.442509
0.441557
0.440604
0.439651
0.438698
0.437744
0.43679
0.435835
0.43488
0.433925
0.432969
0.432013
0.431057
0.4301
0.429143
0.428185
0.427228
0.426269
0.425311
0.424352
0.423393
0.422433
0.421474
0.420513
0.419553
0.418592
0.417631
0.41667
0.415708
0.414746
0.413783
0.412821
0.411858
0.410895
0.409931
0.408967
0.408003
0.407039
0.406074
0.405109
0.404144
0.403179
0.402213
0.401247
0.40028
0.399314
0.398347
0.39738
0.396413
0.395445
0.394477
0.393509
0.392541
0.391573
0.390604
0.389635
0.388666
0.387696
0.386726
0.385757
0.384786
0.383816
0.382846
0.381875
0.380904
0.379932
0.378961
0.377989
0.377018
0.376046
0.375073
0.374101
0.373128
0.372155
0.371182
0.370209
0.369236
0.368262
0.367288
0.366314
0.36534
0.364366
0.363391
0.362417
0.361442
0.360467
0.359491
0.358516
0.35754
0.356565
0.355589
0.354613
0.353637
0.35266
0.351684
0.350707
0.34973
0.348753
0.347776
0.346799
0.345821
0.344844
0.343866
0.342888
0.34191
0.340932
0.339953
0.338975
0.337996
0.337018
0.336039
0.33506
0.334081
0.333101
0.332122
0.331142
0.330163
0.329183
0.328203
0.327223
0.326243
0.325263
0.324282
0.323302
0.322321
0.32134
0.32036
0.319379
0.318398
0.317416
0.316435
0.315454
0.314472
0.313491
0.312509
0.311527
0.310545
0.309563
0.308581
0.307599
0.306616
0.305634
0.304651
0.303669
0.302686
0.301703
0.30072
0.299737
0.298754
0.297771
0.296788
0.295804
0.294821
0.293837
0.292854
0.29187
0.290886
0.289902
0.288918
0.287934
0.28695
0.285966
0.284982
0.283997
0.283013
0.282029
0.281044
0.280059
0.279075
0.27809
0.277105
0.27612
0.275135
0.27415
0.273165
0.272179
0.271194
0.270209
0.269223
0.268238
0.267252
0.266266
0.265281
0.264295
0.263309
0.262323
0.261337
0.260351
0.259365
0.258379
0.257393
0.256406
0.25542
0.254434
0.253447
0.252461
0.251474
0.250488
0.249501
0.248514
0.247527
0.246541
0.245554
0.244567
0.24358
0.242593
0.241606
0.240619
0.239631
0.238644
0.237657
0.23667
0.235682
0.234695
0.233707
0.23272
0.231732
0.230745
0.229757
0.228769
0.227781
0.226794
0.225806
0.224818
0.22383
0.222842
0.221854
0.220866
0.219878
0.21889
0.217902
0.216914
0.215925
0.214937
0.213949
0.21296
0.211972
0.210984
0.209995
0.209007
0.208018
0.207029
0.206041
0.205052
0.204064
0.203075
0.202086
0.201097
0.200109
0.19912
0.198131
0.197142
0.196153
0.195164
0.194175
0.193186
0.192197
0.191208
0.190219
0.18923
0.18824
0.187251
0.186262
0.185273
0.184283
0.183294
0.182305
0.181315
0.180326
0.179337
0.178347
0.177358
0.176368
0.175379
0.174389
0.1734
0.17241
0.17142
0.170431
0.169441
0.168451
0.167462
0.166472
0.165482
0.164492
0.163503
0.162513
0.161523
0.160533
0.159543
0.158553
0.157563
0.156573
0.155583
0.154593
0.153603
0.152613
0.151623
0.150633
0.149643
0.148653
0.147663
0.146673
0.145682
0.144692
0.143702
0.142712
0.141722
0.140731
0.139741
0.138751
0.13776
0.13677
0.13578
0.134789
0.133799
0.132809
0.131818
0.130828
0.129837
0.128847
0.127856
0.126866
0.125875
0.124885
0.123894
0.122904
0.121913
0.120923
0.119932
0.118941
0.117951
0.11696
0.115969
0.114979
0.113988
0.112997
0.112007
0.111016
0.110025
0.109035
0.108044
0.107053
0.106062
0.105072
0.104081
0.10309
0.102099
0.101108
0.100117
0.0991266
0.0981357
0.0971448
0.0961539
0.095163
0.0941721
0.0931812
0.0921903
0.0911994
0.0902084
0.0892174
0.0882265
0.0872355
0.0862445
0.0852535
0.0842625
0.0832715
0.0822805
0.0812894
0.0802984
0.0793073
0.0783163
0.0773252
0.0763341
0.075343
0.0743519
0.0733608
0.0723697
0.0713786
0.0703874
0.0693963
0.0684052
0.067414
0.0664228
0.0654317
0.0644405
0.0634493
0.0624581
0.0614669
0.0604757
0.0594845
0.0584933
0.057502
0.0565108
0.0555196
0.0545283
0.0535371
0.0525458
0.0515545
0.0505632
0.049572
0.0485807
0.0475894
0.0465981
0.0456068
0.0446155
0.0436241
0.0426328
0.0416415
0.0406501
0.0396588
0.0386674
0.0376761
0.0366847
0.0356934
0.034702
0.0337106
0.0327192
0.0317278
0.0307365
0.0297451
0.0287537
0.0277622
0.0267708
0.0257794
0.024788
0.0237966
0.0228051
0.0218137
0.0208223
0.0198308
0.0188394
0.0178479
0.0168564
0.015865
0.0148735
0.013882
0.0128906
0.0118991
0.0109076
0.0099161
0.00892461
0.00793311
0.00694161
0.0059501
0.00495859
0.00396708
0.00297556
0.00198404
0.000992518
9.90541e-07
