100
0.00887887
0.088362
0.16064
0.224003
0.279826
0.329063
0.372469
0.410674
0.444223
0.473592
0.499201
0.521424
0.540595
0.557015
0.570951
0.582646
0.592317
0.600159
0.60635
0.611048
0.614398
0.61653
0.61756
0.617595
0.616731
0.615053
0.612641
0.609564
0.605887
0.601667
0.596957
0.591803
0.586249
0.580333
0.57409
0.567552
0.560746
0.5537
0.546436
0.538975
0.531336
0.523537
0.515594
0.507519
0.499327
0.491029
0.482634
0.474153
0.465594
0.456965
0.448273
0.439523
0.430722
0.421875
0.412986
0.404059
0.3951
0.386109
0.377092
0.368051
0.358987
0.349904
0.340803
0.331687
0.322557
0.313414
0.30426
0.295097
0.285924
0.276744
0.267556
0.258363
0.249164
0.23996
0.230752
0.22154
0.212325
0.203108
0.193888
0.184666
0.175442
0.166217
0.15699
0.147763
0.138534
0.129305
0.120076
0.110846
0.101616
0.0923854
0.0831551
0.0739248
0.0646947
0.0554647
0.046235
0.0370055
0.0277764
0.0185477
0.0093193
9.13613e-05
