-
1 0 0 6.28319 0 0
1 0.00628319 0 6.28319 -39.4784 0
1 0.0125664 -0.0394784 6.28319 -39.7265 0
0.999961 0.0188496 -0.0792049 6.28319 -39.9745 0
0.999881 0.0251327 -0.119179 6.28319 -40.2233 0
0.999762 0.0314159 -0.159403 6.28319 -40.4728 0
0.999603 0.0376991 -0.199875 6.28319 -40.7232 0
0.999403 0.0439823 -0.240599 6.28319 -40.9744 0
0.999162 0.0502655 -0.281573 6.28319 -41.2264 0
0.998881 0.0565487 -0.322799 6.28319 -41.4792 0
0.998558 0.0628319 -0.364279 6.28319 -41.733 0
0.998194 0.069115 -0.406011 6.28319 -41.9876 0
0.997788 0.0753982 -0.447999 6.28319 -42.2431 0
0.99734 0.0816814 -0.490242 6.28319 -42.4995 0
0.996849 0.0879646 -0.532742 6.28319 -42.7569 0
0.996317 0.0942478 -0.575498 6.28319 -43.0152 0
0.995741 0.100531 -0.618514 6.28319 -43.2744 0
0.995123 0.106814 -0.661788 6.28319 -43.5347 0
0.994461 0.113097 -0.705323 6.28319 -43.7959 0
0.993755 0.119381 -0.749119 6.28319 -44.0581 0
0.993006 0.125664 -0.793177 6.28319 -44.3213 0
0.992213 0.131947 -0.837498 6.28319 -44.5855 0
0.991376 0.13823 -0.882084 6.28319 -44.8508 0
0.990494 0.144513 -0.926934 6.28319 -45.1171 0
0.989567 0.150796 -0.972051 6.28319 -45.3845 0
0.988595 0.15708 -1.01744 6.28319 -45.6529 0
0.987577 0.163363 -1.06309 6.28319 -45.9224 0
0.986514 0.169646 -1.10901 6.28319 -46.1929 0
0.985405 0.175929 -1.1552 6.28319 -46.4645 0
0.98425 0.182212 -1.20167 6.28319 -46.7372 0
0.983048 0.188496 -1.24841 6.28319 -47.0109 0
0.9818 0.194779 -1.29542 6.28319 -47.2858 0
0.980504 0.201062 -1.3427 6.28319 -47.5617 0
0.979162 0.207345 -1.39026 6.28319 -47.8387 0
0.977771 0.213628 -1.4381 6.28319 -48.1167 0
0.976333 0.219911 -1.48622 6.28319 -48.3959 0
0.974847 0.226195 -1.53462 6.28319 -48.676 0
0.973312 0.232478 -1.58329 6.28319 -48.9573 0
0.971729 0.238761 -1.63225 6.28319 -49.2396 0
0.970097 0.245044 -1.68149 6.28319 -49.5229 0
0.968415 0.251327 -1.73101 6.28319 -49.8072 0
0.966684 0.257611 -1.78082 6.28319 -50.0925 0
0.964904 0.263894 -1.83091 6.28319 -50.3788 0
0.963073 0.270177 -1.88129 6.28319 -50.666 0
0.961191 0.27646 -1.93196 6.28319 -50.9542 0
0.959259 0.282743 -1.98291 6.28319 -51.2433 0
0.957277 0.289027 -2.03415 6.28319 -51.5333 0
0.955242 0.29531 -2.08569 6.28319 -51.8241 0
0.953157 0.301593 -2.13751 6.28319 -52.1157 0
0.951019 0.307876 -2.18963 6.28319 -52.4081 0
0.94883 0.314159 -2.24203 6.28319 -52.7012 0
0.946588 0.320442 -2.29474 6.28319 -52.995 0
0.944293 0.326726 -2.34773 6.28319 -53.2894 0
0.941945 0.333009 -2.40102 6.28319 -53.5844 0
0.939544 0.339292 -2.4546 6.28319 -53.8799 0
0.937089 0.345575 -2.50848 6.28319 -54.1759 0
0.934581 0.351858 -2.56266 6.28319 -54.4722 0
0.932018 0.358142 -2.61713 6.28319 -54.7689 0
0.929401 0.364425 -2.6719 6.28319 -55.0659 0
0.926729 0.370708 -2.72697 6.28319 -55.363 0
0.924002 0.376991 -2.78233 6.28319 -55.6601 0
0.92122 0.383274 -2.83799 6.28319 -55.9573 0
0.918382 0.389557 -2.89395 6.28319 -56.2543 0
0.915488 0.395841 -2.9502 6.28319 -56.5511 0
0.912538 0.402124 -3.00675 6.28319 -56.8476 0
0.909531 0.408407 -3.0636 6.28319 -57.1437 0
0.906468 0.41469 -3.12074 6.28319 -57.4392 0
0.903347 0.420973 -3.17818 6.28319 -57.734 0
0.900169 0.427257 -3.23592 6.28319 -58.0279 0
0.896933 0.43354 -3.29395 6.28319 -58.3209 0
0.893639 0.439823 -3.35227 6.28319 -58.6127 0
0.890286 0.446106 -3.41088 6.28319 -58.9033 0
0.886876 0.452389 -3.46978 6.28319 -59.1924 0
0.883406 0.458673 -3.52897 6.28319 -59.4799 0
0.879877 0.464956 -3.58845 6.28319 -59.7656 0
0.876288 0.471239 -3.64822 6.28319 -60.0492 0
0.87264 0.477522 -3.70827 6.28319 -60.3307 0
0.868932 0.483805 -3.7686 6.28319 -60.6097 0
0.865163 0.490088 -3.82921 6.28319 -60.8862 0
0.861334 0.496372 -3.8901 6.28319 -61.1597 0
0.857444 0.502655 -3.95126 6.28319 -61.4302 0
0.853493 0.508938 -4.01269 6.28319 -61.6974 0
0.84948 0.515221 -4.07438 6.28319 -61.9609 0
0.845406 0.521504 -4.13634 6.28319 -62.2207 0
0.841269 0.527788 -4.19856 6.28319 -62.4763 0
0.837071 0.534071 -4.26104 6.28319 -62.7275 0
0.83281 0.540354 -4.32377 6.28319 -62.974 0
0.828486 0.546637 -4.38674 6.28319 -63.2156 0
0.824099 0.55292 -4.44996 6.28319 -63.4518 0
0.819649 0.559203 -4.51341 6.28319 -63.6825 0
0.815136 0.565487 -4.57709 6.28319 -63.9073 0
0.810559 0.57177 -4.641 6.28319 -64.1258 0
0.805918 0.578053 -4.70513 6.28319 -64.3378 0
0.801213 0.584336 -4.76946 6.28319 -64.5429 0
0.796443 0.590619 -4.83401 6.28319 -64.7407 0
0.791609 0.596903 -4.89875 6.28319 -64.9309 0
0.78671 0.603186 -4.96368 6.28319 -65.1132 0
0.781747 0.609469 -5.02879 6.28319 -65.2871 0
0.776718 0.615752 -5.09408 6.28319 -65.4525 0
0.771624 0.622035 -5.15953 6.28319 -65.6087 0
0.766464 0.628319 -5.22514 6.28319 -65.7557 0
0.761239 0.634602 -5.29089 6.28319 -65.8928 0
0.755948 0.640885 -5.35679 6.28319 -66.0199 0
0.750591 0.647168 -5.42281 6.28319 -66.1365 0
0.745169 0.653451 -5.48894 6.28319 -66.2424 0
0.73968 0.659734 -5.55519 6.28319 -66.3371 0
0.734125 0.666018 -5.62152 6.28319 -66.4203 0
0.728503 0.672301 -5.68794 6.28319 -66.4917 0
0.722815 0.678584 -5.75444 6.28319 -66.5511 0
0.717061 0.684867 -5.82099 6.28319 -66.5979 0
0.71124 0.69115 -5.88758 6.28319 -66.6321 0
0.705352 0.697434 -5.95422 6.28319 -66.6533 0
0.699398 0.703717 -6.02087 6.28319 -66.6612 0
0.693377 0.71 -6.08753 6.28319 -66.6557 0
0.687289 0.716283 -6.15419 6.28319 -66.6363 0
0.681135 0.722566 -6.22082 6.28319 -66.6031 0
0.674914 0.728849 -6.28743 6.28319 -66.5557 0
0.668627 0.735133 -6.35398 6.28319 -66.4941 0
0.662273 0.741416 -6.42048 6.28319 -66.418 0
0.655853 0.747699 -6.48689 6.28319 -66.3274 0
0.649366 0.753982 -6.55322 6.28319 -66.2222 0
0.642812 0.760265 -6.61944 6.28319 -66.1023 0
0.636193 0.766549 -6.68555 6.28319 -65.9677 0
0.629507 0.772832 -6.75151 6.28319 -65.8183 0
0.622756 0.779115 -6.81733 6.28319 -65.6543 0
0.615939 0.785398 -6.88299 6.28319 -65.4756 0
0.609056 0.791681 -6.94846 6.28319 -65.2823 0
0.602107 0.797965 -7.01374 6.28319 -65.0745 0
0.595093 0.804248 -7.07882 6.28319 -64.8525 0
0.588015 0.810531 -7.14367 6.28319 -64.6162 0
0.580871 0.816814 -7.20829 6.28319 -64.366 0
0.573663 0.823097 -7.27265 6.28319 -64.1021 0
0.56639 0.82938 -7.33676 6.28319 -63.8246 0
0.559053 0.835664 -7.40058 6.28319 -63.534 0
0.551653 0.841947 -7.46411 6.28319 -63.2303 0
0.544189 0.84823 -7.52734 6.28319 -62.9141 0
0.536661 0.854513 -7.59026 6.28319 -62.5856 0
0.529071 0.860796 -7.65284 6.28319 -62.2453 0
0.521418 0.86708 -7.71509 6.28319 -61.8933 0
0.513703 0.873363 -7.77698 6.28319 -61.5303 0
0.505926 0.879646 -7.83851 6.28319 -61.1565 0
0.498087 0.885929 -7.89967 6.28319 -60.7725 0
0.490188 0.892212 -7.96044 6.28319 -60.3786 0
0.482227 0.898495 -8.02082 6.28319 -59.9753 0
0.474207 0.904779 -8.0808 6.28319 -59.563 0
0.466126 0.911062 -8.14036 6.28319 -59.1423 0
0.457985 0.917345 -8.1995 6.28319 -58.7136 0
0.449786 0.923628 -8.25821 6.28319 -58.2773 0
0.441528 0.929911 -8.31649 6.28319 -57.834 0
0.433211 0.936195 -8.37433 6.28319 -57.3842 0
0.424837 0.942478 -8.43171 6.28319 -56.9282 0
0.416405 0.948761 -8.48864 6.28319 -56.4666 0
0.407917 0.955044 -8.54511 6.28319 -55.9998 0
0.399371 0.961327 -8.60111 6.28319 -55.5284 0
0.39077 0.967611 -8.65663 6.28319 -55.0527 0
0.382114 0.973894 -8.71169 6.28319 -54.5732 0
0.373402 0.980177 -8.76626 6.28319 -54.0903 0
0.364636 0.98646 -8.82035 6.28319 -53.6045 0
0.355815 0.992743 -8.87395 6.28319 -53.1163 0
0.346941 0.999026 -8.92707 6.28319 -52.6259 0
0.338014 1.00531 -8.9797 6.28319 -52.1338 0
0.329035 1.01159 -9.03183 6.28319 -51.6404 0
0.320003 1.01788 -9.08347 6.28319 -51.1461 0
0.310919 1.02416 -9.13462 6.28319 -50.6512 0
0.301785 1.03044 -9.18527 6.28319 -50.156 0
0.292599 1.03673 -9.23542 6.28319 -49.661 0
0.283364 1.04301 -9.28508 6.28319 -49.1663 0
0.274079 1.04929 -9.33425 6.28319 -48.6723 0
0.264745 1.05558 -9.38292 6.28319 -48.1794 0
0.255362 1.06186 -9.4311 6.28319 -47.6877 0
0.245931 1.06814 -9.47879 6.28319 -47.1975 0
0.236452 1.07442 -9.52599 6.28319 -46.7091 0
0.226926 1.08071 -9.5727 6.28319 -46.2227 0
0.217353 1.08699 -9.61892 6.28319 -45.7385 0
0.207734 1.09327 -9.66466 6.28319 -45.2568 0
0.19807 1.09956 -9.70991 6.28319 -44.7777 0
0.18836 1.10584 -9.75469 6.28319 -44.3014 0
0.178605 1.11212 -9.79899 6.28319 -43.828 0
0.168806 1.11841 -9.84282 6.28319 -43.3578 0
0.158963 1.12469 -9.88618 6.28319 -42.8909 0
0.149077 1.13097 -9.92907 6.28319 -42.4273 0
0.139148 1.13726 -9.9715 6.28319 -41.9673 0
0.129176 1.14354 -10.0135 6.28319 -41.511 0
0.119163 1.14982 -10.055 6.28319 -41.0584 0
0.109108 1.15611 -10.096 6.28319 -40.6096 0
0.099012 1.16239 -10.1366 6.28319 -40.1647 0
0.0888754 1.16867 -10.1768 6.28319 -39.7239 0
0.0786985 1.17496 -10.2165 6.28319 -39.2871 0
0.068482 1.18124 -10.2558 6.28319 -38.8544 0
0.0582262 1.18752 -10.2947 6.28319 -38.4259 0
0.0479315 1.19381 -10.3331 6.28319 -38.0016 0
0.0375984 1.20009 -10.3711 6.28319 -37.5816 0
0.0272273 1.20637 -10.4087 6.28319 -37.1658 0
0.0168186 1.21265 -10.4458 6.28319 -36.7544 0
0.00637278 1.21894 -10.4826 6.28319 -36.3473 0
-0.00410982 1.22522 -10.519 6.28319 -35.9446 0
-0.0146288 1.2315 -10.5549 6.28319 -35.5462 0
-0.0251837 1.23779 -10.5904 6.28319 -35.1522 0
-0.0357741 1.24407 -10.6256 6.28319 -34.7625 0
-0.0463997 1.25035 -10.6604 6.28319 -34.3772 0
-0.0570601 1.25664 -10.6947 6.28319 -33.9963 0
-0.0677548 1.26292 -10.7287 6.28319 -33.6197 0
-0.0784835 1.2692 -10.7623 6.28319 -33.2474 0
-0.0892459 1.27549 -10.7956 6.28319 -32.8794 0
-0.100041 1.28177 -10.8285 6.28319 -32.5157 0
-0.11087 1.28805 -10.861 6.28319 -32.1563 0
-0.121731 1.29434 -10.8931 6.28319 -31.8011 0
-0.132624 1.30062 -10.9249 6.28319 -31.4501 0
-0.143549 1.3069 -10.9564 6.28319 -31.1033 0
-0.154505 1.31319 -10.9875 6.28319 -30.7606 0
-0.165493 1.31947 -11.0183 6.28319 -30.422 0
-0.176511 1.32575 -11.0487 6.28319 -30.0875 0
-0.18756 1.33204 -11.0788 6.28319 -29.7571 0
-0.198639 1.33832 -11.1085 6.28319 -29.4306 0
-0.209747 1.3446 -11.138 6.28319 -29.1081 0
-0.220885 1.35088 -11.1671 6.28319 -28.7896 0
-0.232052 1.35717 -11.1959 6.28319 -28.4749 0
-0.243248 1.36345 -11.2243 6.28319 -28.164 0
-0.254472 1.36973 -11.2525 6.28319 -27.857 0
-0.265725 1.37602 -11.2804 6.28319 -27.5536 0
-0.277005 1.3823 -11.3079 6.28319 -27.254 0
-0.288313 1.38858 -11.3352 6.28319 -26.9581 0
-0.299648 1.39487 -11.3621 6.28319 -26.6657 0
-0.31101 1.40115 -11.3888 6.28319 -26.377 0
-0.322399 1.40743 -11.4152 6.28319 -26.0917 0
-0.333814 1.41372 -11.4413 6.28319 -25.81 0
-0.345256 1.42 -11.4671 6.28319 -25.5316 0
-0.356723 1.42628 -11.4926 6.28319 -25.2567 0
-0.368215 1.43257 -11.5179 6.28319 -24.9851 0
-0.379733 1.43885 -11.5428 6.28319 -24.7168 0
-0.391276 1.44513 -11.5676 6.28319 -24.4517 0
-0.402844 1.45142 -11.592 6.28319 -24.1898 0
-0.414436 1.4577 -11.6162 6.28319 -23.9311 0
-0.426052 1.46398 -11.6401 6.28319 -23.6756 0
-0.437692 1.47027 -11.6638 6.28319 -23.4231 0
-0.449356 1.47655 -11.6872 6.28319 -23.1736 0
-0.461043 1.48283 -11.7104 6.28319 -22.9271 0
-0.472753 1.48911 -11.7333 6.28319 -22.6835 0
-0.484487 1.4954 -11.756 6.28319 -22.4428 0
-0.496243 1.50168 -11.7785 6.28319 -22.205 0
-0.508021 1.50796 -11.8007 6.28319 -21.97 0
-0.519822 1.51425 -11.8226 6.28319 -21.7377 0
-0.531644 1.52053 -11.8444 6.28319 -21.5082 0
-0.543489 1.52681 -11.8659 6.28319 -21.2814 0
-0.555355 1.5331 -11.8872 6.28319 -21.0572 0
-0.567242 1.53938 -11.9082 6.28319 -20.8355 0
-0.57915 1.54566 -11.929 6.28319 -20.6165 0
-0.591079 1.55195 -11.9497 6.28319 -20.4 0
-0.603029 1.55823 -11.9701 6.28319 -20.1859 0
-0.614999 1.56451 -11.9903 6.28319 -19.9743 0
-0.626989 1.5708 -12.0102 6.28319 -19.7651 0
-0.638999 1.57708 -12.03 6.28319 -19.5583 0
-0.651029 1.58336 -12.0495 6.28319 -19.3538 0
-0.663079 1.58965 -12.0689 6.28319 -19.1516 0
-0.675148 1.59593 -12.0881 6.28319 -18.9516 0
-0.687236 1.60221 -12.107 6.28319 -18.7539 0
-0.699343 1.6085 -12.1258 6.28319 -18.5584 0
-0.711469 1.61478 -12.1443 6.28319 -18.365 0
-0.723613 1.62106 -12.1627 6.28319 -18.1737 0
-0.735776 1.62734 -12.1809 6.28319 -17.9845 0
-0.747956 1.63363 -12.1988 6.28319 -17.7973 0
-0.760155 1.63991 -12.2166 6.28319 -17.6122 0
-0.772372 1.64619 -12.2342 6.28319 -17.429 0
-0.784606 1.65248 -12.2517 6.28319 -17.2478 0
-0.796858 1.65876 -12.2689 6.28319 -17.0685 0
-0.809127 1.66504 -12.286 6.28319 -16.8911 0
-0.821413 1.67133 -12.3029 6.28319 -16.7156 0
-0.833716 1.67761 -12.3196 6.28319 -16.5419 0
-0.846035 1.68389 -12.3361 6.28319 -16.3699 0
-0.858371 1.69018 -12.3525 6.28319 -16.1998 0
-0.870724 1.69646 -12.3687 6.28319 -16.0314 0
-0.883093 1.70274 -12.3847 6.28319 -15.8646 0
-0.895477 1.70903 -12.4006 6.28319 -15.6996 0
-0.907878 1.71531 -12.4163 6.28319 -15.5362 0
-0.920294 1.72159 -12.4318 6.28319 -15.3745 0
-0.932726 1.72788 -12.4472 6.28319 -15.2143 0
-0.945173 1.73416 -12.4624 6.28319 -15.0558 0
-0.957636 1.74044 -12.4775 6.28319 -14.8987 0
-0.970113 1.74673 -12.4924 6.28319 -14.7432 0
-0.982606 1.75301 -12.5071 6.28319 -14.5892 0
-0.995113 1.75929 -12.5217 6.28319 -14.4367 0
-1.00763 1.76558 -12.5362 6.28319 -14.2856 0
-1.02017 1.77186 -12.5504 6.28319 -14.1359 0
-1.03272 1.77814 -12.5646 6.28319 -13.9876 0
-1.04529 1.78442 -12.5786 6.28319 -13.8407 0
-1.05786 1.79071 -12.5924 6.28319 -13.6952 0
-1.07046 1.79699 -12.6061 6.28319 -13.5509 0
-1.08306 1.80327 -12.6197 6.28319 -13.408 0
-1.09568 1.80956 -12.6331 6.28319 -13.2664 0
-1.10832 1.81584 -12.6463 6.28319 -13.126 0
-1.12096 1.82212 -12.6595 6.28319 -12.9868 0
-1.13362 1.82841 -12.6724 6.28319 -12.8489 0
-1.14629 1.83469 -12.6853 6.28319 -12.7121 0
-1.15898 1.84097 -12.698 6.28319 -12.5766 0
-1.17168 1.84726 -12.7106 6.28319 -12.4422 0
-1.18439 1.85354 -12.723 6.28319 -12.3089 0
-1.19711 1.85982 -12.7353 6.28319 -12.1767 0
-1.20985 1.86611 -12.7475 6.28319 -12.0456 0
-1.22259 1.87239 -12.7596 6.28319 -11.9156 0
-1.23535 1.87867 -12.7715 6.28319 -11.7867 0
-1.24812 1.88496 -12.7833 6.28319 -11.6588 0
-1.26091 1.89124 -12.7949 6.28319 -11.5319 0
-1.2737 1.89752 -12.8064 6.28319 -11.406 0
-1.28651 1.90381 -12.8179 6.28319 -11.281 0
-1.29933 1.91009 -12.8291 6.28319 -11.157 0
-1.31216 1.91637 -12.8403 6.28319 -11.034 0
-1.325 1.92265 -12.8513 6.28319 -10.9119 0
-1.33785 1.92894 -12.8622 6.28319 -10.7907 0
-1.35071 1.93522 -12.873 6.28319 -10.6703 0
-1.36358 1.9415 -12.8837 6.28319 -10.5509 0
-1.37647 1.94779 -12.8942 6.28319 -10.4323 0
-1.38936 1.95407 -12.9047 6.28319 -10.3145 0
-1.40227 1.96035 -12.915 6.28319 -10.1975 0
-1.41518 1.96664 -12.9252 6.28319 -10.0813 0
-1.42811 1.97292 -12.9353 6.28319 -9.96594 0
-1.44104 1.9792 -12.9452 6.28319 -9.85131 0
-1.45399 1.98549 -12.9551 6.28319 -9.73742 0
-1.46694 1.99177 -12.9648 6.28319 -9.62426 0
-1.47991 1.99805 -12.9745 6.28319 -9.51181 0
-1.49288 2.00434 -12.984 6.28319 -9.40006 0
-1.50586 2.01062 -12.9934 6.28319 -9.28898 0
-1.51886 2.0169 -13.0027 6.28319 -9.17856 0
-1.53186 2.02319 -13.0118 6.28319 -9.06878 0
-1.54487 2.02947 -13.0209 6.28319 -8.95963 0
-1.55789 2.03575 -13.0299 6.28319 -8.85109 0
-1.57092 2.04204 -13.0387 6.28319 -8.74314 0
-1.58396 2.04832 -13.0475 6.28319 -8.63577 0
-1.59701 2.0546 -13.0561 6.28319 -8.52895 0
-1.61007 2.06088 -13.0646 6.28319 -8.42268 0
-1.62313 2.06717 -13.073 6.28319 -8.31693 0
-1.6362 2.07345 -13.0814 6.28319 -8.21168 0
-1.64928 2.07973 -13.0896 6.28319 -8.10693 0
-1.66237 2.08602 -13.0977 6.28319 -8.00264 0
-1.67547 2.0923 -13.1057 6.28319 -7.89881 0
-1.68858 2.09858 -13.1136 6.28319 -7.79542 0
-1.70169 2.10487 -13.1214 6.28319 -7.69244 0
-1.71481 2.11115 -13.1291 6.28319 -7.58986 0
-1.72794 2.11743 -13.1367 6.28319 -7.48766 0
-1.74108 2.12372 -13.1441 6.28319 -7.38582 0
-1.75422 2.13 -13.1515 6.28319 -7.28432 0
-1.76737 2.13628 -13.1588 6.28319 -7.18314 0
-1.78053 2.14257 -13.166 6.28319 -7.08226 0
-1.7937 2.14885 -13.1731 6.28319 -6.98166 0
-1.80687 2.15513 -13.1801 6.28319 -6.88132 0
-1.82005 2.16142 -13.1869 6.28319 -6.78122 0
-1.83324 2.1677 -13.1937 6.28319 -6.68134 0
-1.84643 2.17398 -13.2004 6.28319 -6.58164 0
-1.85963 2.18027 -13.207 6.28319 -6.48212 0
-1.87284 2.18655 -13.2135 6.28319 -6.38274 0
-1.88605 2.19283 -13.2199 6.28319 -6.28348 0
-1.89927 2.19911 -13.2261 6.28319 -6.18431 0
-1.9125 2.2054 -13.2323 6.28319 -6.0852 0
-1.92573 2.21168 -13.2384 6.28319 -5.98614 0
-1.93897 2.21796 -13.2444 6.28319 -5.88708 0
-1.95221 2.22425 -13.2503 6.28319 -5.78799 0
-1.96546 2.23053 -13.2561 6.28319 -5.68885 0
-1.97872 2.23681 -13.2618 6.28319 -5.58963 0
-1.99198 2.2431 -13.2673 6.28319 -5.49027 0
-2.00525 2.24938 -13.2728 6.28319 -5.39075 0
-2.01852 2.25566 -13.2782 6.28319 -5.29103 0
-2.0318 2.26195 -13.2835 6.28319 -5.19106 0
-2.04508 2.26823 -13.2887 6.28319 -5.0908 0
-2.05837 2.27451 -13.2938 6.28319 -4.99021 0
-2.07167 2.2808 -13.2988 6.28319 -4.88922 0
-2.08497 2.28708 -13.3037 6.28319 -4.78779 0
-2.09827 2.29336 -13.3085 6.28319 -4.68585 0
-2.11158 2.29965 -13.3132 6.28319 -4.58334 0
-2.12489 2.30593 -13.3177 6.28319 -4.48019 0
-2.13821 2.31221 -13.3222 6.28319 -4.37632 0
-2.15153 2.3185 -13.3266 6.28319 -4.27166 0
-2.16486 2.32478 -13.3309 6.28319 -4.16611 0
-2.17819 2.33106 -13.335 6.28319 -4.05956 0
-2.19152 2.33734 -13.3391 6.28319 -3.95192 0
-2.20486 2.34363 -13.343 6.28319 -3.84304 0
-2.21821 2.34991 -13.3469 6.28319 -3.73281 0
-2.23155 2.35619 -13.3506 6.28319 -3.62105 0
-2.2449 2.36248 -13.3542 6.28319 -3.50759 0
-2.25826 2.36876 -13.3577 6.28319 -3.39223 0
-2.27161 2.37504 -13.3611 6.28319 -3.27473 0
-2.28498 2.38133 -13.3644 6.28319 -3.15482 0
-2.29834 2.38761 -13.3676 6.28319 -3.03217 0
-2.31171 2.39389 -13.3706 6.28319 -2.90642 0
-2.32508 2.40018 -13.3735 6.28319 -2.77709 0
-2.33845 2.40646 -13.3763 6.28319 -2.64363 0
-2.35183 2.41274 -13.3789 6.28319 -2.50533 0
-2.36521 2.41903 -13.3814 6.28319 -2.36132 0
-2.37859 2.42531 -13.3838 6.28319 -2.21042 0
-2.39197 2.43159 -13.386 6.28319 -2.05109 0
-2.40536 2.43788 -13.3881 6.28319 -1.88111 0
-2.41875 2.44416 -13.3899 6.28319 -1.69726 0
-2.43214 2.45044 -13.3916 6.28319 -1.49436 0
-2.44553 2.45673 -13.3931 6.28319 -1.2632 0
-2.45892 2.46301 -13.3944 6.28319 -0.983989 0
-2.47232 2.46929 -13.3954 6.28319 -0.59213 0
-2.48571 2.47558 -13.396 6.28319 nan 0
-2.49911 2.48186 nan 6.28319 nan 0
nan 2.48814 nan 6.28319 nan 0
nan 2.49442 nan 6.28319 nan 0
nan 2.50071 nan 6.28319 nan 0
nan 2.50699 nan 6.28319 nan 0
nan 2.51327 nan 6.28319 nan 0
nan 2.51956 nan 6.28319 nan 0
nan 2.52584 nan 6.28319 nan 0
nan 2.53212 nan 6.28319 nan 0
nan 2.53841 nan 6.28319 nan 0
nan 2.54469 nan 6.28319 nan 0
nan 2.55097 nan 6.28319 nan 0
nan 2.55726 nan 6.28319 nan 0
nan 2.56354 nan 6.28319 nan 0
nan 2.56982 nan 6.28319 nan 0
nan 2.57611 nan 6.28319 nan 0
nan 2.58239 nan 6.28319 nan 0
nan 2.58867 nan 6.28319 nan 0
nan 2.59496 nan 6.28319 nan 0
nan 2.60124 nan 6.28319 nan 0
nan 2.60752 nan 6.28319 nan 0
nan 2.61381 nan 6.28319 nan 0
nan 2.62009 nan 6.28319 nan 0
nan 2.62637 nan 6.28319 nan 0
nan 2.63265 nan 6.28319 nan 0
nan 2.63894 nan 6.28319 nan 0
nan 2.64522 nan 6.28319 nan 0
nan 2.6515 nan 6.28319 nan 0
nan 2.65779 nan 6.28319 nan 0
nan 2.66407 nan 6.28319 nan 0
nan 2.67035 nan 6.28319 nan 0
nan 2.67664 nan 6.28319 nan 0
nan 2.68292 nan 6.28319 nan 0
nan 2.6892 nan 6.28319 nan 0
nan 2.69549 nan 6.28319 nan 0
nan 2.70177 nan 6.28319 nan 0
nan 2.70805 nan 6.28319 nan 0
nan 2.71434 nan 6.28319 nan 0
nan 2.72062 nan 6.28319 nan 0
nan 2.7269 nan 6.28319 nan 0
nan 2.73319 nan 6.28319 nan 0
nan 2.73947 nan 6.28319 nan 0
nan 2.74575 nan 6.28319 nan 0
nan 2.75204 nan 6.28319 nan 0
nan 2.75832 nan 6.28319 nan 0
nan 2.7646 nan 6.28319 nan 0
nan 2.77088 nan 6.28319 nan 0
nan 2.77717 nan 6.28319 nan 0
nan 2.78345 nan 6.28319 nan 0
nan 2.78973 nan 6.28319 nan 0
nan 2.79602 nan 6.28319 nan 0
nan 2.8023 nan 6.28319 nan 0
nan 2.80858 nan 6.28319 nan 0
nan 2.81487 nan 6.28319 nan 0
nan 2.82115 nan 6.28319 nan 0
nan 2.82743 nan 6.28319 nan 0
nan 2.83372 nan 6.28319 nan 0
nan 2.84 nan 6.28319 nan 0
nan 2.84628 nan 6.28319 nan 0
nan 2.85257 nan 6.28319 nan 0
nan 2.85885 nan 6.28319 nan 0
nan 2.86513 nan 6.28319 nan 0
nan 2.87142 nan 6.28319 nan 0
nan 2.8777 nan 6.28319 nan 0
nan 2.88398 nan 6.28319 nan 0
nan 2.89027 nan 6.28319 nan 0
nan 2.89655 nan 6.28319 nan 0
nan 2.90283 nan 6.28319 nan 0
nan 2.90911 nan 6.28319 nan 0
nan 2.9154 nan 6.28319 nan 0
nan 2.92168 nan 6.28319 nan 0
nan 2.92796 nan 6.28319 nan 0
nan 2.93425 nan 6.28319 nan 0
nan 2.94053 nan 6.28319 nan 0
nan 2.94681 nan 6.28319 nan 0
nan 2.9531 nan 6.28319 nan 0
nan 2.95938 nan 6.28319 nan 0
nan 2.96566 nan 6.28319 nan 0
nan 2.97195 nan 6.28319 nan 0
nan 2.97823 nan 6.28319 nan 0
nan 2.98451 nan 6.28319 nan 0
nan 2.9908 nan 6.28319 nan 0
nan 2.99708 nan 6.28319 nan 0
nan 3.00336 nan 6.28319 nan 0
nan 3.00965 nan 6.28319 nan 0
nan 3.01593 nan 6.28319 nan 0
nan 3.02221 nan 6.28319 nan 0
nan 3.0285 nan 6.28319 nan 0
nan 3.03478 nan 6.28319 nan 0
nan 3.04106 nan 6.28319 nan 0
nan 3.04734 nan 6.28319 nan 0
nan 3.05363 nan 6.28319 nan 0
nan 3.05991 nan 6.28319 nan 0
nan 3.06619 nan 6.28319 nan 0
nan 3.07248 nan 6.28319 nan 0
nan 3.07876 nan 6.28319 nan 0
nan 3.08504 nan 6.28319 nan 0
nan 3.09133 nan 6.28319 nan 0
nan 3.09761 nan 6.28319 nan 0
nan 3.10389 nan 6.28319 nan 0
nan 3.11018 nan 6.28319 nan 0
nan 3.11646 nan 6.28319 nan 0
nan 3.12274 nan 6.28319 nan 0
nan 3.12903 nan 6.28319 nan 0
nan 3.13531 nan 6.28319 nan 0
nan 3.14159 nan 6.28319 nan 0
nan 3.14788 nan 6.28319 nan 0
nan 3.15416 nan 6.28319 nan 0
nan 3.16044 nan 6.28319 nan 0
nan 3.16673 nan 6.28319 nan 0
nan 3.17301 nan 6.28319 nan 0
nan 3.17929 nan 6.28319 nan 0
nan 3.18557 nan 6.28319 nan 0
nan 3.19186 nan 6.28319 nan 0
nan 3.19814 nan 6.28319 nan 0
nan 3.20442 nan 6.28319 nan 0
nan 3.21071 nan 6.28319 nan 0
nan 3.21699 nan 6.28319 nan 0
nan 3.22327 nan 6.28319 nan 0
nan 3.22956 nan 6.28319 nan 0
nan 3.23584 nan 6.28319 nan 0
nan 3.24212 nan 6.28319 nan 0
nan 3.24841 nan 6.28319 nan 0
nan 3.25469 nan 6.28319 nan 0
nan 3.26097 nan 6.28319 nan 0
nan 3.26726 nan 6.28319 nan 0
nan 3.27354 nan 6.28319 nan 0
nan 3.27982 nan 6.28319 nan 0
nan 3.28611 nan 6.28319 nan 0
nan 3.29239 nan 6.28319 nan 0
nan 3.29867 nan 6.28319 nan 0
nan 3.30496 nan 6.28319 nan 0
nan 3.31124 nan 6.28319 nan 0
nan 3.31752 nan 6.28319 nan 0
nan 3.32381 nan 6.28319 nan 0
nan 3.33009 nan 6.28319 nan 0
nan 3.33637 nan 6.28319 nan 0
nan 3.34265 nan 6.28319 nan 0
nan 3.34894 nan 6.28319 nan 0
nan 3.35522 nan 6.28319 nan 0
nan 3.3615 nan 6.28319 nan 0
nan 3.36779 nan 6.28319 nan 0
nan 3.37407 nan 6.28319 nan 0
nan 3.38035 nan 6.28319 nan 0
nan 3.38664 nan 6.28319 nan 0
nan 3.39292 nan 6.28319 nan 0
nan 3.3992 nan 6.28319 nan 0
nan 3.40549 nan 6.28319 nan 0
nan 3.41177 nan 6.28319 nan 0
nan 3.41805 nan 6.28319 nan 0
nan 3.42434 nan 6.28319 nan 0
nan 3.43062 nan 6.28319 nan 0
nan 3.4369 nan 6.28319 nan 0
nan 3.44319 nan 6.28319 nan 0
nan 3.44947 nan 6.28319 nan 0
nan 3.45575 nan 6.28319 nan 0
nan 3.46204 nan 6.28319 nan 0
nan 3.46832 nan 6.28319 nan 0
nan 3.4746 nan 6.28319 nan 0
nan 3.48088 nan 6.28319 nan 0
nan 3.48717 nan 6.28319 nan 0
nan 3.49345 nan 6.28319 nan 0
nan 3.49973 nan 6.28319 nan 0
nan 3.50602 nan 6.28319 nan 0
nan 3.5123 nan 6.28319 nan 0
nan 3.51858 nan 6.28319 nan 0
nan 3.52487 nan 6.28319 nan 0
nan 3.53115 nan 6.28319 nan 0
nan 3.53743 nan 6.28319 nan 0
nan 3.54372 nan 6.28319 nan 0
nan 3.55 nan 6.28319 nan 0
nan 3.55628 nan 6.28319 nan 0
nan 3.56257 nan 6.28319 nan 0
nan 3.56885 nan 6.28319 nan 0
nan 3.57513 nan 6.28319 nan 0
nan 3.58142 nan 6.28319 nan 0
nan 3.5877 nan 6.28319 nan 0
nan 3.59398 nan 6.28319 nan 0
nan 3.60027 nan 6.28319 nan 0
nan 3.60655 nan 6.28319 nan 0
nan 3.61283 nan 6.28319 nan 0
nan 3.61911 nan 6.28319 nan 0
nan 3.6254 nan 6.28319 nan 0
nan 3.63168 nan 6.28319 nan 0
nan 3.63796 nan 6.28319 nan 0
nan 3.64425 nan 6.28319 nan 0
nan 3.65053 nan 6.28319 nan 0
nan 3.65681 nan 6.28319 nan 0
nan 3.6631 nan 6.28319 nan 0
nan 3.66938 nan 6.28319 nan 0
nan 3.67566 nan 6.28319 nan 0
nan 3.68195 nan 6.28319 nan 0
nan 3.68823 nan 6.28319 nan 0
nan 3.69451 nan 6.28319 nan 0
nan 3.7008 nan 6.28319 nan 0
nan 3.70708 nan 6.28319 nan 0
nan 3.71336 nan 6.28319 nan 0
nan 3.71965 nan 6.28319 nan 0
nan 3.72593 nan 6.28319 nan 0
nan 3.73221 nan 6.28319 nan 0
nan 3.7385 nan 6.28319 nan 0
nan 3.74478 nan 6.28319 nan 0
nan 3.75106 nan 6.28319 nan 0
nan 3.75734 nan 6.28319 nan 0
nan 3.76363 nan 6.28319 nan 0
nan 3.76991 nan 6.28319 nan 0
nan 3.77619 nan 6.28319 nan 0
nan 3.78248 nan 6.28319 nan 0
nan 3.78876 nan 6.28319 nan 0
nan 3.79504 nan 6.28319 nan 0
nan 3.80133 nan 6.28319 nan 0
nan 3.80761 nan 6.28319 nan 0
nan 3.81389 nan 6.28319 nan 0
nan 3.82018 nan 6.28319 nan 0
nan 3.82646 nan 6.28319 nan 0
nan 3.83274 nan 6.28319 nan 0
nan 3.83903 nan 6.28319 nan 0
nan 3.84531 nan 6.28319 nan 0
nan 3.85159 nan 6.28319 nan 0
nan 3.85788 nan 6.28319 nan 0
nan 3.86416 nan 6.28319 nan 0
nan 3.87044 nan 6.28319 nan 0
nan 3.87673 nan 6.28319 nan 0
nan 3.88301 nan 6.28319 nan 0
nan 3.88929 nan 6.28319 nan 0
nan 3.89557 nan 6.28319 nan 0
nan 3.90186 nan 6.28319 nan 0
nan 3.90814 nan 6.28319 nan 0
nan 3.91442 nan 6.28319 nan 0
nan 3.92071 nan 6.28319 nan 0
nan 3.92699 nan 6.28319 nan 0
nan 3.93327 nan 6.28319 nan 0
nan 3.93956 nan 6.28319 nan 0
nan 3.94584 nan 6.28319 nan 0
nan 3.95212 nan 6.28319 nan 0
nan 3.95841 nan 6.28319 nan 0
nan 3.96469 nan 6.28319 nan 0
nan 3.97097 nan 6.28319 nan 0
nan 3.97726 nan 6.28319 nan 0
nan 3.98354 nan 6.28319 nan 0
nan 3.98982 nan 6.28319 nan 0
nan 3.99611 nan 6.28319 nan 0
nan 4.00239 nan 6.28319 nan 0
nan 4.00867 nan 6.28319 nan 0
nan 4.01496 nan 6.28319 nan 0
nan 4.02124 nan 6.28319 nan 0
nan 4.02752 nan 6.28319 nan 0
nan 4.0338 nan 6.28319 nan 0
nan 4.04009 nan 6.28319 nan 0
nan 4.04637 nan 6.28319 nan 0
nan 4.05265 nan 6.28319 nan 0
nan 4.05894 nan 6.28319 nan 0
nan 4.06522 nan 6.28319 nan 0
nan 4.0715 nan 6.28319 nan 0
nan 4.07779 nan 6.28319 nan 0
nan 4.08407 nan 6.28319 nan 0
nan 4.09035 nan 6.28319 nan 0
nan 4.09664 nan 6.28319 nan 0
nan 4.10292 nan 6.28319 nan 0
nan 4.1092 nan 6.28319 nan 0
nan 4.11549 nan 6.28319 nan 0
nan 4.12177 nan 6.28319 nan 0
nan 4.12805 nan 6.28319 nan 0
nan 4.13434 nan 6.28319 nan 0
nan 4.14062 nan 6.28319 nan 0
nan 4.1469 nan 6.28319 nan 0
nan 4.15319 nan 6.28319 nan 0
nan 4.15947 nan 6.28319 nan 0
nan 4.16575 nan 6.28319 nan 0
nan 4.17204 nan 6.28319 nan 0
nan 4.17832 nan 6.28319 nan 0
nan 4.1846 nan 6.28319 nan 0
nan 4.19088 nan 6.28319 nan 0
nan 4.19717 nan 6.28319 nan 0
nan 4.20345 nan 6.28319 nan 0
nan 4.20973 nan 6.28319 nan 0
nan 4.21602 nan 6.28319 nan 0
nan 4.2223 nan 6.28319 nan 0
nan 4.22858 nan 6.28319 nan 0
nan 4.23487 nan 6.28319 nan 0
nan 4.24115 nan 6.28319 nan 0
nan 4.24743 nan 6.28319 nan 0
nan 4.25372 nan 6.28319 nan 0
nan 4.26 nan 6.28319 nan 0
nan 4.26628 nan 6.28319 nan 0
nan 4.27257 nan 6.28319 nan 0
nan 4.27885 nan 6.28319 nan 0
nan 4.28513 nan 6.28319 nan 0
nan 4.29142 nan 6.28319 nan 0
nan 4.2977 nan 6.28319 nan 0
nan 4.30398 nan 6.28319 nan 0
nan 4.31027 nan 6.28319 nan 0
nan 4.31655 nan 6.28319 nan 0
nan 4.32283 nan 6.28319 nan 0
nan 4.32911 nan 6.28319 nan 0
nan 4.3354 nan 6.28319 nan 0
nan 4.34168 nan 6.28319 nan 0
nan 4.34796 nan 6.28319 nan 0
nan 4.35425 nan 6.28319 nan 0
nan 4.36053 nan 6.28319 nan 0
nan 4.36681 nan 6.28319 nan 0
nan 4.3731 nan 6.28319 nan 0
nan 4.37938 nan 6.28319 nan 0
nan 4.38566 nan 6.28319 nan 0
nan 4.39195 nan 6.28319 nan 0
nan 4.39823 nan 6.28319 nan 0
nan 4.40451 nan 6.28319 nan 0
nan 4.4108 nan 6.28319 nan 0
nan 4.41708 nan 6.28319 nan 0
nan 4.42336 nan 6.28319 nan 0
nan 4.42965 nan 6.28319 nan 0
nan 4.43593 nan 6.28319 nan 0
nan 4.44221 nan 6.28319 nan 0
nan 4.4485 nan 6.28319 nan 0
nan 4.45478 nan 6.28319 nan 0
nan 4.46106 nan 6.28319 nan 0
nan 4.46734 nan 6.28319 nan 0
nan 4.47363 nan 6.28319 nan 0
nan 4.47991 nan 6.28319 nan 0
nan 4.48619 nan 6.28319 nan 0
nan 4.49248 nan 6.28319 nan 0
nan 4.49876 nan 6.28319 nan 0
nan 4.50504 nan 6.28319 nan 0
nan 4.51133 nan 6.28319 nan 0
nan 4.51761 nan 6.28319 nan 0
nan 4.52389 nan 6.28319 nan 0
nan 4.53018 nan 6.28319 nan 0
nan 4.53646 nan 6.28319 nan 0
nan 4.54274 nan 6.28319 nan 0
nan 4.54903 nan 6.28319 nan 0
nan 4.55531 nan 6.28319 nan 0
nan 4.56159 nan 6.28319 nan 0
nan 4.56788 nan 6.28319 nan 0
nan 4.57416 nan 6.28319 nan 0
nan 4.58044 nan 6.28319 nan 0
nan 4.58673 nan 6.28319 nan 0
nan 4.59301 nan 6.28319 nan 0
nan 4.59929 nan 6.28319 nan 0
nan 4.60557 nan 6.28319 nan 0
nan 4.61186 nan 6.28319 nan 0
nan 4.61814 nan 6.28319 nan 0
nan 4.62442 nan 6.28319 nan 0
nan 4.63071 nan 6.28319 nan 0
nan 4.63699 nan 6.28319 nan 0
nan 4.64327 nan 6.28319 nan 0
nan 4.64956 nan 6.28319 nan 0
nan 4.65584 nan 6.28319 nan 0
nan 4.66212 nan 6.28319 nan 0
nan 4.66841 nan 6.28319 nan 0
nan 4.67469 nan 6.28319 nan 0
nan 4.68097 nan 6.28319 nan 0
nan 4.68726 nan 6.28319 nan 0
nan 4.69354 nan 6.28319 nan 0
nan 4.69982 nan 6.28319 nan 0
nan 4.70611 nan 6.28319 nan 0
nan 4.71239 nan 6.28319 nan 0
nan 4.71867 nan 6.28319 nan 0
nan 4.72496 nan 6.28319 nan 0
nan 4.73124 nan 6.28319 nan 0
nan 4.73752 nan 6.28319 nan 0
nan 4.7438 nan 6.28319 nan 0
nan 4.75009 nan 6.28319 nan 0
nan 4.75637 nan 6.28319 nan 0
nan 4.76265 nan 6.28319 nan 0
nan 4.76894 nan 6.28319 nan 0
nan 4.77522 nan 6.28319 nan 0
nan 4.7815 nan 6.28319 nan 0
nan 4.78779 nan 6.28319 nan 0
nan 4.79407 nan 6.28319 nan 0
nan 4.80035 nan 6.28319 nan 0
nan 4.80664 nan 6.28319 nan 0
nan 4.81292 nan 6.28319 nan 0
nan 4.8192 nan 6.28319 nan 0
nan 4.82549 nan 6.28319 nan 0
nan 4.83177 nan 6.28319 nan 0
nan 4.83805 nan 6.28319 nan 0
nan 4.84434 nan 6.28319 nan 0
nan 4.85062 nan 6.28319 nan 0
nan 4.8569 nan 6.28319 nan 0
nan 4.86319 nan 6.28319 nan 0
nan 4.86947 nan 6.28319 nan 0
nan 4.87575 nan 6.28319 nan 0
nan 4.88203 nan 6.28319 nan 0
nan 4.88832 nan 6.28319 nan 0
nan 4.8946 nan 6.28319 nan 0
nan 4.90088 nan 6.28319 nan 0
nan 4.90717 nan 6.28319 nan 0
nan 4.91345 nan 6.28319 nan 0
nan 4.91973 nan 6.28319 nan 0
nan 4.92602 nan 6.28319 nan 0
nan 4.9323 nan 6.28319 nan 0
nan 4.93858 nan 6.28319 nan 0
nan 4.94487 nan 6.28319 nan 0
nan 4.95115 nan 6.28319 nan 0
nan 4.95743 nan 6.28319 nan 0
nan 4.96372 nan 6.28319 nan 0
nan 4.97 nan 6.28319 nan 0
nan 4.97628 nan 6.28319 nan 0
nan 4.98257 nan 6.28319 nan 0
nan 4.98885 nan 6.28319 nan 0
nan 4.99513 nan 6.28319 nan 0
nan 5.00142 nan 6.28319 nan 0
nan 5.0077 nan 6.28319 nan 0
nan 5.01398 nan 6.28319 nan 0
nan 5.02027 nan 6.28319 nan 0
nan 5.02655 nan 6.28319 nan 0
nan 5.03283 nan 6.28319 nan 0
nan 5.03911 nan 6.28319 nan 0
nan 5.0454 nan 6.28319 nan 0
nan 5.05168 nan 6.28319 nan 0
nan 5.05796 nan 6.28319 nan 0
nan 5.06425 nan 6.28319 nan 0
nan 5.07053 nan 6.28319 nan 0
nan 5.07681 nan 6.28319 nan 0
nan 5.0831 nan 6.28319 nan 0
nan 5.08938 nan 6.28319 nan 0
nan 5.09566 nan 6.28319 nan 0
nan 5.10195 nan 6.28319 nan 0
nan 5.10823 nan 6.28319 nan 0
nan 5.11451 nan 6.28319 nan 0
nan 5.1208 nan 6.28319 nan 0
nan 5.12708 nan 6.28319 nan 0
nan 5.13336 nan 6.28319 nan 0
nan 5.13965 nan 6.28319 nan 0
nan 5.14593 nan 6.28319 nan 0
nan 5.15221 nan 6.28319 nan 0
nan 5.1585 nan 6.28319 nan 0
nan 5.16478 nan 6.28319 nan 0
nan 5.17106 nan 6.28319 nan 0
nan 5.17734 nan 6.28319 nan 0
nan 5.18363 nan 6.28319 nan 0
nan 5.18991 nan 6.28319 nan 0
nan 5.19619 nan 6.28319 nan 0
nan 5.20248 nan 6.28319 nan 0
nan 5.20876 nan 6.28319 nan 0
nan 5.21504 nan 6.28319 nan 0
nan 5.22133 nan 6.28319 nan 0
nan 5.22761 nan 6.28319 nan 0
nan 5.23389 nan 6.28319 nan 0
nan 5.24018 nan 6.28319 nan 0
nan 5.24646 nan 6.28319 nan 0
nan 5.25274 nan 6.28319 nan 0
nan 5.25903 nan 6.28319 nan 0
nan 5.26531 nan 6.28319 nan 0
nan 5.27159 nan 6.28319 nan 0
nan 5.27788 nan 6.28319 nan 0
nan 5.28416 nan 6.28319 nan 0
nan 5.29044 nan 6.28319 nan 0
nan 5.29673 nan 6.28319 nan 0
nan 5.30301 nan 6.28319 nan 0
nan 5.30929 nan 6.28319 nan 0
nan 5.31557 nan 6.28319 nan 0
nan 5.32186 nan 6.28319 nan 0
nan 5.32814 nan 6.28319 nan 0
nan 5.33442 nan 6.28319 nan 0
nan 5.34071 nan 6.28319 nan 0
nan 5.34699 nan 6.28319 nan 0
nan 5.35327 nan 6.28319 nan 0
nan 5.35956 nan 6.28319 nan 0
nan 5.36584 nan 6.28319 nan 0
nan 5.37212 nan 6.28319 nan 0
nan 5.37841 nan 6.28319 nan 0
nan 5.38469 nan 6.28319 nan 0
nan 5.39097 nan 6.28319 nan 0
nan 5.39726 nan 6.28319 nan 0
nan 5.40354 nan 6.28319 nan 0
nan 5.40982 nan 6.28319 nan 0
nan 5.41611 nan 6.28319 nan 0
nan 5.42239 nan 6.28319 nan 0
nan 5.42867 nan 6.28319 nan 0
nan 5.43496 nan 6.28319 nan 0
nan 5.44124 nan 6.28319 nan 0
nan 5.44752 nan 6.28319 nan 0
nan 5.4538 nan 6.28319 nan 0
nan 5.46009 nan 6.28319 nan 0
nan 5.46637 nan 6.28319 nan 0
nan 5.47265 nan 6.28319 nan 0
nan 5.47894 nan 6.28319 nan 0
nan 5.48522 nan 6.28319 nan 0
nan 5.4915 nan 6.28319 nan 0
nan 5.49779 nan 6.28319 nan 0
nan 5.50407 nan 6.28319 nan 0
nan 5.51035 nan 6.28319 nan 0
nan 5.51664 nan 6.28319 nan 0
nan 5.52292 nan 6.28319 nan 0
nan 5.5292 nan 6.28319 nan 0
nan 5.53549 nan 6.28319 nan 0
nan 5.54177 nan 6.28319 nan 0
nan 5.54805 nan 6.28319 nan 0
nan 5.55434 nan 6.28319 nan 0
nan 5.56062 nan 6.28319 nan 0
nan 5.5669 nan 6.28319 nan 0
nan 5.57319 nan 6.28319 nan 0
nan 5.57947 nan 6.28319 nan 0
nan 5.58575 nan 6.28319 nan 0
nan 5.59203 nan 6.28319 nan 0
nan 5.59832 nan 6.28319 nan 0
nan 5.6046 nan 6.28319 nan 0
nan 5.61088 nan 6.28319 nan 0
nan 5.61717 nan 6.28319 nan 0
nan 5.62345 nan 6.28319 nan 0
nan 5.62973 nan 6.28319 nan 0
nan 5.63602 nan 6.28319 nan 0
nan 5.6423 nan 6.28319 nan 0
nan 5.64858 nan 6.28319 nan 0
nan 5.65487 nan 6.28319 nan 0
nan 5.66115 nan 6.28319 nan 0
nan 5.66743 nan 6.28319 nan 0
nan 5.67372 nan 6.28319 nan 0
nan 5.68 nan 6.28319 nan 0
nan 5.68628 nan 6.28319 nan 0
nan 5.69257 nan 6.28319 nan 0
nan 5.69885 nan 6.28319 nan 0
nan 5.70513 nan 6.28319 nan 0
nan 5.71142 nan 6.28319 nan 0
nan 5.7177 nan 6.28319 nan 0
nan 5.72398 nan 6.28319 nan 0
nan 5.73027 nan 6.28319 nan 0
nan 5.73655 nan 6.28319 nan 0
nan 5.74283 nan 6.28319 nan 0
nan 5.74911 nan 6.28319 nan 0
nan 5.7554 nan 6.28319 nan 0
nan 5.76168 nan 6.28319 nan 0
nan 5.76796 nan 6.28319 nan 0
nan 5.77425 nan 6.28319 nan 0
nan 5.78053 nan 6.28319 nan 0
nan 5.78681 nan 6.28319 nan 0
nan 5.7931 nan 6.28319 nan 0
nan 5.79938 nan 6.28319 nan 0
nan 5.80566 nan 6.28319 nan 0
nan 5.81195 nan 6.28319 nan 0
nan 5.81823 nan 6.28319 nan 0
nan 5.82451 nan 6.28319 nan 0
nan 5.8308 nan 6.28319 nan 0
nan 5.83708 nan 6.28319 nan 0
nan 5.84336 nan 6.28319 nan 0
nan 5.84965 nan 6.28319 nan 0
nan 5.85593 nan 6.28319 nan 0
nan 5.86221 nan 6.28319 nan 0
nan 5.8685 nan 6.28319 nan 0
nan 5.87478 nan 6.28319 nan 0
nan 5.88106 nan 6.28319 nan 0
nan 5.88734 nan 6.28319 nan 0
nan 5.89363 nan 6.28319 nan 0
nan 5.89991 nan 6.28319 nan 0
nan 5.90619 nan 6.28319 nan 0
nan 5.91248 nan 6.28319 nan 0
nan 5.91876 nan 6.28319 nan 0
nan 5.92504 nan 6.28319 nan 0
nan 5.93133 nan 6.28319 nan 0
nan 5.93761 nan 6.28319 nan 0
nan 5.94389 nan 6.28319 nan 0
nan 5.95018 nan 6.28319 nan 0
nan 5.95646 nan 6.28319 nan 0
nan 5.96274 nan 6.28319 nan 0
nan 5.96903 nan 6.28319 nan 0
nan 5.97531 nan 6.28319 nan 0
nan 5.98159 nan 6.28319 nan 0
nan 5.98788 nan 6.28319 nan 0
nan 5.99416 nan 6.28319 nan 0
nan 6.00044 nan 6.28319 nan 0
nan 6.00673 nan 6.28319 nan 0
nan 6.01301 nan 6.28319 nan 0
nan 6.01929 nan 6.28319 nan 0
nan 6.02557 nan 6.28319 nan 0
nan 6.03186 nan 6.28319 nan 0
nan 6.03814 nan 6.28319 nan 0
nan 6.04442 nan 6.28319 nan 0
nan 6.05071 nan 6.28319 nan 0
nan 6.05699 nan 6.28319 nan 0
nan 6.06327 nan 6.28319 nan 0
nan 6.06956 nan 6.28319 nan 0
nan 6.07584 nan 6.28319 nan 0
nan 6.08212 nan 6.28319 nan 0
nan 6.08841 nan 6.28319 nan 0
nan 6.09469 nan 6.28319 nan 0
nan 6.10097 nan 6.28319 nan 0
nan 6.10726 nan 6.28319 nan 0
nan 6.11354 nan 6.28319 nan 0
nan 6.11982 nan 6.28319 nan 0
nan 6.12611 nan 6.28319 nan 0
nan 6.13239 nan 6.28319 nan 0
nan 6.13867 nan 6.28319 nan 0
nan 6.14496 nan 6.28319 nan 0
nan 6.15124 nan 6.28319 nan 0
nan 6.15752 nan 6.28319 nan 0
nan 6.1638 nan 6.28319 nan 0
nan 6.17009 nan 6.28319 nan 0
nan 6.17637 nan 6.28319 nan 0
nan 6.18265 nan 6.28319 nan 0
nan 6.18894 nan 6.28319 nan 0
nan 6.19522 nan 6.28319 nan 0
nan 6.2015 nan 6.28319 nan 0
nan 6.20779 nan 6.28319 nan 0
nan 6.21407 nan 6.28319 nan 0
nan 6.22035 nan 6.28319 nan 0
nan 6.22664 nan 6.28319 nan 0
nan 6.23292 nan 6.28319 nan 0
nan 6.2392 nan 6.28319 nan 0
nan 6.24549 nan 6.28319 nan 0
nan 6.25177 nan 6.28319 nan 0
nan 6.25805 nan 6.28319 nan 0
nan 6.26434 nan 6.28319 nan 0
nan 6.27062 nan 6.28319 nan 0
