-0.00321596
-0.00642927
-0.00963725
-0.0128373
-0.0160267
-0.0192028
-0.0223632
-0.025505
-0.0286259
-0.0317233
-0.0347947
-0.0378376
-0.0408496
-0.0438283
-0.0467713
-0.0496765
-0.0525415
-0.0553641
-0.0581423
-0.060874
-0.0635571
-0.0661898
-0.0687701
-0.0712962
-0.0737665
-0.0761792
-0.0785327
-0.0808256
-0.0830565
-0.0852239
-0.0873265
-0.0893633
-0.0913331
-0.0932349
-0.0950677
-0.0968306
-0.098523
-0.100144
-0.101693
-0.10317
-0.104574
-0.105905
-0.107162
-0.108346
-0.109456
-0.110492
-0.111455
-0.112344
-0.113159
-0.113902
-0.114573
-0.115171
-0.115697
-0.116152
-0.116537
-0.116853
-0.117099
-0.117278
-0.11739
-0.117435
-0.117416
-0.117332
-0.117186
-0.116978
-0.11671
-0.116383
-0.115998
-0.115557
-0.11506
-0.11451
-0.113909
-0.113256
-0.112555
-0.111806
-0.111011
-0.110171
-0.109289
-0.108366
-0.107403
-0.106403
-0.105366
-0.104295
-0.10319
-0.102055
-0.10089
-0.0996963
-0.0984766
-0.0972322
-0.0959647
-0.0946755
-0.0933664
-0.0920389
-0.0906945
-0.0893348
-0.0879612
-0.0865752
-0.0851783
-0.0837719
-0.0823575
-0.0809363
-0.0795098
-0.0780792
-0.0766458
-0.0752109
-0.0737756
-0.0723413
-0.0709089
-0.0694796
-0.0680546
-0.0666347
-0.0652211
-0.0638147
-0.0624165
-0.0610272
-0.0596478
-0.0582791
-0.0569219
-0.0555768
-0.0542447
-0.0529262
-0.0516219
-0.0503324
-0.0490583
-0.0478
-0.0465582
-0.0453332
-0.0441255
-0.0429355
-0.0417635
-0.0406098
-0.0394748
-0.0383586
-0.0372616
-0.036184
-0.0351258
-0.0340874
-0.0330687
-0.0320699
-0.031091
-0.0301322
-0.0291934
-0.0282746
-0.0273758
-0.026497
-0.025638
-0.0247989
-0.0239796
-0.0231798
-0.0223995
-0.0216385
-0.0208967
-0.0201738
-0.0194697
-0.0187843
-0.0181172
-0.0174682
-0.0168372
-0.0162238
-0.0156278
-0.0150489
-0.014487
-0.0139416
-0.0134126
-0.0128996
-0.0124023
-0.0119205
-0.0114538
-0.0110019
-0.0105646
-0.0101415
-0.00973238
-0.00933683
-0.00895458
-0.00858533
-0.00822876
-0.00788456
-0.00755244
-0.00723208
-0.00692318
-0.00662544
-0.00633856
-0.00606224
-0.0057962
-0.00554013
-0.00529376
-0.00505681
-0.00482899
-0.00461002
-0.00439965
-0.00419761
-0.00400362
-0.00381745
-0.00363882
-0.00346751
-0.00330326
-0.00314584
-0.00299502
-0.00285057
-0.00271227
-0.0025799
-0.00245325
-0.00233212
-0.00221631
-0.00210561
-0.00199984
-0.00189882
-0.00180236
-0.00171029
-0.00162244
-0.00153863
-0.00145873
-0.00138256
-0.00130997
-0.00124083
-0.00117499
-0.0011123
-0.00105265
-0.000995907
-0.000941939
-0.000890631
-0.000841868
-0.000795539
-0.000751536
-0.000709757
-0.000670102
-0.000632475
-0.000596785
-0.000562941
-0.00053086
-0.000500459
-0.00047166
-0.000444387
-0.000418566
-0.00039413
-0.00037101
-0.000349144
-0.000328469
-0.000308927
-0.000290461
-0.000273018
-0.000256547
-0.000240998
-0.000226324
-0.00021248
-0.000199424
-0.000187114
-0.000175511
-0.000164578
-0.000154279
-0.000144582
-0.000135452
-0.00012686
-0.000118777
-0.000111174
-0.000104025
-9.73054e-05
-9.09905e-05
-8.50579e-05
-7.9486e-05
-7.42543e-05
-6.93433e-05
-6.47345e-05
-6.04105e-05
-5.63547e-05
-5.25512e-05
-4.89853e-05
-4.56427e-05
-4.25101e-05
-3.95747e-05
-3.68247e-05
-3.42485e-05
-3.18355e-05
-2.95755e-05
-2.74589e-05
-2.54765e-05
-2.36196e-05
-2.18803e-05
-2.02506e-05
-1.87234e-05
-1.72916e-05
-1.59487e-05
-1.46885e-05
-1.35051e-05
-1.23928e-05
-1.13465e-05
-1.03608e-05
-9.43118e-06
-8.55285e-06
-7.72147e-06
-6.93279e-06
-6.18277e-06
-5.4675e-06
-4.78319e-06
-4.1262e-06
-3.49294e-06
-2.87993e-06
-2.28375e-06
-1.70102e-06
-1.12839e-06
-5.625e-07
