-0.00219218
-0.00441832
-0.00667622
-0.00896361
-0.0112782
-0.0136176
-0.0159796
-0.0183616
-0.0207613
-0.0231762
-0.0256038
-0.0280416
-0.0304872
-0.032938
-0.0353915
-0.0378451
-0.0402964
-0.0427429
-0.045182
-0.0476112
-0.0500281
-0.0524303
-0.0548153
-0.0571807
-0.0595241
-0.0618433
-0.064136
-0.0663998
-0.0686327
-0.0708324
-0.0729969
-0.0751241
-0.077212
-0.0792588
-0.0812625
-0.0832214
-0.0851337
-0.0869978
-0.088812
-0.090575
-0.0922851
-0.0939412
-0.0955418
-0.0970858
-0.0985721
-0.0999995
-0.101367
-0.102674
-0.10392
-0.105104
-0.106224
-0.107282
-0.108276
-0.109205
-0.11007
-0.110871
-0.111607
-0.112278
-0.112884
-0.113425
-0.113902
-0.114315
-0.114663
-0.114949
-0.115171
-0.115331
-0.115428
-0.115465
-0.115442
-0.115358
-0.115216
-0.115016
-0.114759
-0.114447
-0.11408
-0.113659
-0.113185
-0.112661
-0.112086
-0.111463
-0.110792
-0.110076
-0.109315
-0.10851
-0.107664
-0.106778
-0.105853
-0.104891
-0.103892
-0.10286
-0.101795
-0.100698
-0.0995719
-0.0984176
-0.0972367
-0.0960308
-0.0948013
-0.0935499
-0.0922779
-0.090987
-0.0896786
-0.0883542
-0.0870153
-0.0856632
-0.0842995
-0.0829254
-0.0815425
-0.080152
-0.0787552
-0.0773536
-0.0759482
-0.0745405
-0.0731315
-0.0717225
-0.0703146
-0.0689089
-0.0675066
-0.0661086
-0.064716
-0.0633297
-0.0619507
-0.0605799
-0.0592182
-0.0578664
-0.0565253
-0.0551957
-0.0538783
-0.0525737
-0.0512827
-0.0500059
-0.0487438
-0.047497
-0.046266
-0.0450513
-0.0438533
-0.0426725
-0.0415092
-0.0403638
-0.0392365
-0.0381278
-0.0370378
-0.0359667
-0.0349148
-0.0338822
-0.0328691
-0.0318756
-0.0309017
-0.0299476
-0.0290132
-0.0280987
-0.0272039
-0.0263289
-0.0254736
-0.0246379
-0.0238218
-0.0230252
-0.0222479
-0.0214898
-0.0207507
-0.0200306
-0.0193291
-0.0186461
-0.0179814
-0.0173348
-0.016706
-0.0160948
-0.015501
-0.0149243
-0.0143645
-0.0138211
-0.0132941
-0.0127831
-0.0122878
-0.011808
-0.0113432
-0.0108933
-0.0104579
-0.0100367
-0.00962944
-0.00923578
-0.00885541
-0.00848802
-0.00813332
-0.00779099
-0.00746072
-0.0071422
-0.00683515
-0.00653924
-0.00625419
-0.0059797
-0.00571547
-0.00546121
-0.00521664
-0.00498147
-0.00475543
-0.00453823
-0.00432961
-0.00412931
-0.00393705
-0.00375258
-0.00357565
-0.00340602
-0.00324343
-0.00308765
-0.00293845
-0.0027956
-0.00265888
-0.00252807
-0.00240296
-0.00228334
-0.00216901
-0.00205978
-0.00195545
-0.00185584
-0.00176077
-0.00167005
-0.00158353
-0.00150104
-0.00142241
-0.00134748
-0.00127612
-0.00120817
-0.00114349
-0.00108195
-0.00102341
-0.000967742
-0.000914826
-0.000864542
-0.000816775
-0.000771413
-0.000728351
-0.000687485
-0.000648716
-0.000611949
-0.00057709
-0.000544053
-0.000512753
-0.000483107
-0.000455037
-0.000428469
-0.000403329
-0.00037955
-0.000357064
-0.000335808
-0.000315721
-0.000296745
-0.000278824
-0.000261904
-0.000245936
-0.00023087
-0.000216659
-0.000203259
-0.000190627
-0.000178724
-0.000167511
-0.00015695
-0.000147006
-0.000137647
-0.00012884
-0.000120556
-0.000112764
-0.000105438
-9.85525e-05
-9.20814e-05
-8.60016e-05
-8.02908e-05
-7.49277e-05
-6.98921e-05
-6.51647e-05
-6.07274e-05
-5.6563e-05
-5.26549e-05
-4.89878e-05
-4.55467e-05
-4.23178e-05
-3.92877e-05
-3.64439e-05
-3.37743e-05
-3.12677e-05
-2.89133e-05
-2.67008e-05
-2.46205e-05
-2.26632e-05
-2.082e-05
-1.90826e-05
-1.7443e-05
-1.58934e-05
-1.44267e-05
-1.30358e-05
-1.17139e-05
-1.04546e-05
-9.25154e-06
-8.09875e-06
-6.99029e-06
-5.92039e-06
-4.88343e-06
-3.87386e-06
-2.88618e-06
-1.91495e-06
-9.5471e-07
