-0.00909669
-0.0183007
-0.0275688
-0.0368572
-0.0461225
-0.0553211
-0.0644103
-0.0733483
-0.0820945
-0.0906096
-0.0988563
-0.106799
-0.114405
-0.121643
-0.128485
-0.134906
-0.140883
-0.146398
-0.151432
-0.155975
-0.160014
-0.163545
-0.166562
-0.169065
-0.171057
-0.172542
-0.173529
-0.174029
-0.174053
-0.173618
-0.172741
-0.17144
-0.169738
-0.167655
-0.165217
-0.162446
-0.15937
-0.156012
-0.152401
-0.148563
-0.144523
-0.140309
-0.135945
-0.131459
-0.126873
-0.122213
-0.1175
-0.112758
-0.108006
-0.103265
-0.098552
-0.0938848
-0.0892788
-0.0847484
-0.0803065
-0.0759646
-0.071733
-0.0676207
-0.0636352
-0.0597829
-0.056069
-0.0524976
-0.0490717
-0.0457932
-0.0426632
-0.0396818
-0.0368484
-0.0341616
-0.0316194
-0.0292191
-0.0269577
-0.0248314
-0.0228363
-0.0209682
-0.0192224
-0.0175941
-0.0160784
-0.0146703
-0.0133645
-0.012156
-0.0110396
-0.0100101
-0.00906264
-0.00819219
-0.00739395
-0.00666324
-0.00599556
-0.00538653
-0.004832
-0.00432795
-0.00387061
-0.00345634
-0.00308175
-0.00274361
-0.00243889
-0.00216476
-0.00191855
-0.0016978
-0.0015002
-0.00132362
-0.00116608
-0.00102576
-0.00090099
-0.000790218
-0.000692037
-0.000605158
-0.000528403
-0.000460702
-0.000401083
-0.000348665
-0.000302651
-0.000262324
-0.000227037
-0.000196208
-0.000169317
-0.000145898
-0.000125535
-0.000107856
-9.25311e-05
-7.92684e-05
-6.78078e-05
-5.79198e-05
-4.94019e-05
-4.20755e-05
-3.57836e-05
-3.03885e-05
-2.57695e-05
-2.18209e-05
-1.84507e-05
-1.55785e-05
-1.31344e-05
-1.10578e-05
-9.29608e-06
-7.8038e-06
-6.54164e-06
-5.47574e-06
-4.57694e-06
-3.82017e-06
-3.18396e-06
-2.64989e-06
-2.20225e-06
-1.82761e-06
-1.51453e-06
-1.25329e-06
-1.03562e-06
-8.5454e-07
-7.04113e-07
-5.79339e-07
-4.75996e-07
-3.9053e-07
-3.19954e-07
-2.61758e-07
-2.13843e-07
-1.74451e-07
-1.42113e-07
-1.15604e-07
-9.39073e-08
-7.61742e-08
-6.1702e-08
-4.99086e-08
-4.0312e-08
-3.25146e-08
-2.61883e-08
-2.1063e-08
-1.69169e-08
-1.35676e-08
-1.08661e-08
-8.69023e-09
-6.94023e-09
-5.53481e-09
-4.40777e-09
-3.50527e-09
-2.78363e-09
-2.20745e-09
-1.74806e-09
-1.38232e-09
-1.09157e-09
-8.6076e-10
-6.77799e-10
-5.32978e-10
-4.18511e-10
-3.28166e-10
-2.56963e-10
-2.00926e-10
-1.56889e-10
-1.22332e-10
-9.52525e-11
-7.40635e-11
-5.75073e-11
-4.45895e-11
-3.4525e-11
-2.66948e-11
-2.06116e-11
-1.58923e-11
-1.22365e-11
-9.40841e-12
-7.22386e-12
-5.53879e-12
-4.24086e-12
-3.24254e-12
-2.47577e-12
-1.88768e-12
-1.43728e-12
-1.09281e-12
-8.29747e-13
-6.29128e-13
-4.76351e-13
-3.60172e-13
-2.71949e-13
-2.05049e-13
-1.54392e-13
-1.16088e-13
-8.71655e-14
-6.53578e-14
-4.89379e-14
-3.65923e-14
-2.73231e-14
-2.03735e-14
-1.51705e-14
-1.12805e-14
-8.37632e-15
-6.2112e-15
-4.59933e-15
-3.40103e-15
-2.51145e-15
-1.85198e-15
-1.36378e-15
-1.00288e-15
-7.36467e-16
-5.40076e-16
-3.95508e-16
-2.89237e-16
-2.11227e-16
-1.54044e-16
-1.12186e-16
-8.1589e-17
-5.92547e-17
-4.29748e-17
-3.11246e-17
-2.25109e-17
-1.62585e-17
-1.17266e-17
-8.44617e-18
-6.07502e-18
-4.36351e-18
-3.12985e-18
-2.24188e-18
-1.60362e-18
-1.14551e-18
-8.17138e-19
-5.82103e-19
-4.14094e-19
-2.94171e-19
-2.08679e-19
-1.47846e-19
-1.04594e-19
-7.38889e-20
-5.21299e-20
-3.67292e-20
-2.58578e-20
-1.81643e-20
-1.27521e-20
-8.91823e-21
-6.24232e-21
-4.36075e-21
-3.0519e-21
-2.14082e-21
-1.49449e-21
-1.02645e-21
-6.907e-22
-4.61788e-22
-2.99814e-22
-1.97599e-22
-1.38512e-22
-9.5211e-23
-6.79346e-23
-5.04454e-23
-3.34358e-23
-1.87804e-23
-5.14013e-25
5.4997e-24
1.50107e-23
1.01767e-23
1.3783e-23
1.00455e-23
-1.23085e-24
-1.6956e-24
-1.12727e-24
2.67798e-24
-2.58891e-25
-1.22312e-23
-2.97268e-23
-3.35494e-23
-1.93497e-23
-1.88471e-23
-2.13739e-23
-3.66238e-24
2.6474e-24
-1.16193e-24
-3.09159e-24
